262144000S
78974222 1193
18079 1
22563 1
23571 1
81855 1
29144 1
16466 1
-83575 -1
4290 1
26874 1
-27596 -1
26523 1
28964 1
-16825 -1
7285 1
28900 1
34827 1
34325 1
208392 1
40393 1
96754 1
19392 1
433109 1
13934 1
47799 1
99168 1
45364 1
53535 1
50516 1
39816 1
11270 1
24238 1
11057 1
68121 1
14389 1
-36328 -2
23900 1
144087 1
-146984 -1
76526 1
72677 1
156163 1
-159294 -1
86875 1
81641 1
80556 1
87738 1
35386 1
97013 1
11049 1
13236 1
97734 1
-13488 -1
14640 1
97721 1
14024 1
-14264 -1
13124 1
41111 1
2886 1
7495 1
-2759395 -32
-942857 -26
18167 1
171780 1
22301 1
-22890 -1
21980 1
43682 1
-44651 -1
4868 1
7270 1
96128 1
28067 1
92480 1
18238 1
23791 1
14516 1
37566 1
12048 1
26248 1
-53942 -3
19422 1
13274 1
25919 1
96842 1
77281 1
50909 1
155901 1
462501 1
453634 1
32630 1
27957 1
-459930 -1
415024 1
23792 1
23459 1
-24429 -1
12886 1
-13202 -1
13013 1
47967 1
50013 1
110280 1
44252 1
23031 1
75547 1
1785723 1
97969 1
12742 1
13393 1
-13044 -1
438368 1
42783 1
18265 1
11293 1
-11470 -1
14412 1
11615 1
9634 1
12048 1
37636 1
13269 1
-12285 -1
40906 1
15200 1
23520 1
14729 1
17483 1
23201 1
-39214 -2
14912 1
98028 1
82737 1
9585 1
42863 1
10390 1
-64459 -3
9813 1
42688 1
10622 1
490556 1
114563 1
18921 1
33727 1
3521 1
26588 1
95707 1
21580 1
5548 1
488577 1
75393 1
30001 1
27335 1
10120 1
17773 1
1065 1
11239 1
30991 1
19272 1
103699 1
564824 1
26087 1
28844 1
27081 1
10988 1
18438 1
35420 1
97662 1
103479 1
166279 1
27317 1
17311 1
74280 1
17386 1
22353 1
20109 1
19725 1
20243 1
19493 1
3555 1
44100 1
99144 1
20350 1
20109 1
102818 1
11296 1
28150 1
39050 1
28069 1
15150 1
77025 1
47393 1
61788 1
61952 1
19236 1
103071 1
15371 1
408053 1
74491 1
19013 1
16899 1
17034 1
46350 1
30905 1
18808 1
101299 1
399089 1
18404 1
33220 1
33607 1
15183 1
24207 1
45939 1
23881 1
-24851 -1
20813 1
81718 1
44299 1
38659 1
47293 1
111678 1
-48532 -1
47006 1
2673 1
23393 1
23888 1
459106 1
113885 1
24167 1
4049 1
25391 1
21284 1
17875 1
47968 1
-21647 -1
25612 1
15060 1
49173 1
6147 1
-6300 -1
5937 1
42829 1
26974 1
5090 1
106720 1
22295 1
433427 1
26639 1
-27698 -1
18283 1
12034 1
23842 1
28352 1
55837 1
38708 1
13909 1
14010 1
-14224 -1
28039 1
27640 1
-28794 -1
44161 1
103411 1
20342 1
459965 1
19435 1
21284 1
21278 1
21284 1
21289 1
26147 1
28355 1
23887 1
35432 1
99726 1
-115703 -5
25612 1
25606 1
25612 1
25617 1
27980 1
218566 1
27763 1
27381 1
-28514 -1
17995 1
38563 1
19792 1
10100 1
-10261 -1
12132 1
31984 1
1305361 1
